statistic = 300.08025417535657
pvalue = 2.7269983212374945e-41